64
79
47
37
41
32
38
62
71
77
63
92
63
31
17
51
6
61
83
24
66
76
78
46
20
80
6
10
86
98
70
40
36
50
61
69
89
27
14
63
59
28
68
87
50
69
46
86
31
39
22
43
19
96
22
61
49
81
15
67
37
99
27
44
86
16
5
29
68
67
86
51
6
12
72
61
9
65
29
91
88
54
70
71
55
98
92
78
32
72
61
97
40
87
90
11
2
71
91
6
33
9
58
3
16
89
13
45
16
18
74
33
39
80
90
65
59
19
56
55
77
91
80
98
94
10
12
88
44
66
69
4
12
33
76
43
30
59
17
11
44
86
14
61
25
52
45
88
95
21
21
67
60
6
30
15
88
6
27
21
47
67
77
3
47
52
46
9
51
60
51
7
49
6
80
36
68
49
58
22
59
66
63
12
4
55
6
49
5
88
43
58
13
31
75
35
67
16
79
97
86
1
67
95
84
31
25
24
46
24
49
65
22
95
97
18
24
17
34
66
69
59
72
80
54
73
70
56
25
32
64
65
49
7
35
77
12
55
80
52
5
66
63
8
2
11
3
31
33
29
75
77
25
61
57
84
2
58
80
27
50
69
40
95
59
21
66
3
4
8
7
90
62
68
46
45
35
26
13
49
26
41
76
56
43
4
74
6
23
8
85
18
45
69
49
30
56
47
44
90
26
44
71
45
81
81
30
78
20
85
62
46
46
97
26
18
14
37
85
68
43
71
94
14
58
30
8
35
6
15
24
1
35
24
74
24
83
43
47
82
74
4
79
20
45
17
69
12
3
49
61
17
52
32
85
21
46
7
70
84
84
33
53
42
51
43
22
10
21
71
40
65
33
16
17
29
24
5
16
91
97
66
92
78
34
75
15
84
45
34
95
68
2
36
97
41
8
24
70
38
60
2
4
55
44
79
87
65
65
89
45
79
2
14
89
87
93
30
46
80
65
75
18
26
54
25
81
47
58
77
52
24
70
41
43
76
49
69
27
41
48
5
98
32
55
89
25
5
70
45
50
96
87
87
78
44
52
91
2
48
89
45
33
10
3
54
29
85
100
16
81
52
94
12
23
36
66
14
96
31
75
1
66
12
47
79
42
89
68
17
71
56
27
67
89
66
20
56
18
67
84
96
91
88
91
90
19
99
38
20
24
75
7
60
95
72
86
47
75
55
8
1
84
21
76
82
88
97
63
58
52
41
14
49
27
51
1
93
92
20
35
33
18
13
46
5
73
86
70
27
37
15
41
68
60
97
84
14
27
29
91
46
46
84
22
55
27
61
34
84
95
74
38
55
6
3
4
53
5
88
99
52
88
71
81
42
77
48
23
14
67
67
78
32
93
36
92
5
64
47
36
33
82
66
25
7
60
62
43
72
64
5
84
65
20
40
20
98
30
6
20
4
86
90
32
85
90
66
28
64
33
18
6
75
80
72
79
96
96
73
51
2
64
39
2
38
99
99
52
80
28
38
22
36
22
65
16
25
84
18
90
30
15
55
94
96
66
83
28
12
29
63
86
65
51
16
82
31
84
18
92
25
17
32
42
4
15
3
70
36
96
87
99
16
2
25
100
52
5
31
29
80
44
21
11
21
75
76
15
57
56
43
16
37
74
50
92
41
72
26
73
4
40
54
34
42
76
97
11
93
57
12
95
61
6
72
23
23
99
5
100
2
15
86
61
94
39
82
18
92
5
71
91
73
93
75
72
37
21
70
27
64
37
26
2
32
26
19
74
6
18
55
87
15
30
87
37
85
79
78
85
87
86
4
32
100
67
84
88
25
28
14
51
1
51
62
11
44
5
63
61
16
7
57
99
45
64
77
5
4
6
55
53
66
17
23
22
66
48
23
59
94
41
75
73
66
75
25
24
2
42
66
26
33
25
2
52
59
28
62
93
77
94
94
60
26
28
64
42
42
66
66
69
79
69
93
22
55
17
69
51
63
11
11
56
7
77
7
44
21
3
46
70
11
63
84
7
96
4
51
85
75
12
88
70
83
39
87
44
7
77
73
34
52
89
64
52
30
44
97
18
75
14
25
84
21
12
61
50
68
1
9
8
38
80
36
25
30
97
84
50
67
46
24
59
9
36
53
72
55
90
36
75
62
68
97
76
99
63
31
7
31
3
89
30
27
37
72
21
96
29
48
81
91
38
81
26
10
25
72
1
71
36
8
12
40
1
45
93
14
52
35
25
94
100
29
85
9
74
49
2
49
51
68
5
21
33
9
74
100
36
77
32
7
21
68
2
12
54
4