000000000000000000000000000000000000000000000000
000000000000000000000000000000000000000000000000
000011000000000000000000000000000000110000000000
000000000000000000000000000000000000000000000000
001100100000000011000000110000000011001000000000
000000000000000000000000000000000000000000000000
000000001100000000110000001100000000000011000000
000000000011000000001100000011000000000000110000
000000000000000000000000000000000000000000000000
000000000000110000000010000000100000000000001100
000000000000000000000000000000000000000000000000
110000000000001000000000000000001100000000000010